name: optitype
channels:
  - conda-forge
  - bioconda
  - defaults
dependencies:
  - _libgcc_mutex=0.1=conda_forge
  - _openmp_mutex=4.5=0_gnu
  - backports=1.0=py_2
  - backports.functools_lru_cache=1.6.1=py_0
  - backports_abc=0.5=py_1
  - bcftools=1.9=h68d8f2e_9
  - blosc=1.17.1=he1b5a44_0
  - bzip2=1.0.8=h516909a_2
  - ca-certificates=2019.11.28=hecc5488_0
  - certifi=2019.11.28=py27_0
  - curl=7.68.0=hf8cf82a_0
  - cycler=0.10.0=py_2
  - dbus=1.13.6=he372182_0
  - enum34=1.1.6=py27_1002
  - expat=2.2.9=he1b5a44_2
  - fontconfig=2.13.1=h86ecdb6_1001
  - freetype=2.10.0=he983fc9_1
  - funcsigs=1.0.2=py_3
  - functools32=3.2.3.2=py_3
  - future=0.18.2=py27_0
  - futures=3.3.0=py27_0
  - gatk4=4.1.0.0=0
  - gettext=0.19.8.1=hc5be6a0_1002
  - glib=2.58.3=py27h6f030ca_1002
  - glpk=4.57=0
  - gsl=2.5=h294904e_1
  - gst-plugins-base=1.14.5=h0935bb2_1
  - gstreamer=1.14.5=h36ae1b5_1
  - hdf5=1.10.4=nompi_h3c11f04_1106
  - htslib=1.9=h4da6232_3
  - icu=64.2=he1b5a44_1
  - jpeg=9c=h14c3975_1001
  - kiwisolver=1.1.0=py27hc9558a2_0
  - krb5=1.16.4=h2fd8d38_0
  - libblas=3.8.0=14_openblas
  - libcblas=3.8.0=14_openblas
  - libclang=9.0.1=default_hde54327_0
  - libcurl=7.68.0=hda55be3_0
  - libdeflate=1.2=h516909a_1
  - libedit=3.1.20170329=hf8c457e_1001
  - libffi=3.2.1=he1b5a44_1006
  - libgcc=7.2.0=h69d50b8_2
  - libgcc-ng=9.2.0=h24d8f2e_2
  - libgfortran-ng=7.3.0=hdf63c60_5
  - libgomp=9.2.0=h24d8f2e_2
  - libiconv=1.15=h516909a_1005
  - liblapack=3.8.0=14_openblas
  - libllvm9=9.0.1=hc9558a2_0
  - libopenblas=0.3.7=h5ec1e0e_6
  - libpng=1.6.37=hed695b0_0
  - libssh2=1.8.2=h22169c7_2
  - libstdcxx-ng=9.2.0=hdf63c60_2
  - libuuid=2.32.1=h14c3975_1000
  - libxcb=1.13=h14c3975_1002
  - libxkbcommon=0.10.0=he1b5a44_0
  - libxml2=2.9.10=hee79883_0
  - lzo=2.10=h14c3975_1000
  - matplotlib=2.2.4=py27_2
  - matplotlib-base=2.2.4=py27h250f245_2
  - mock=3.0.5=py27_0
  - ncurses=6.1=hf484d3e_1002
  - nose=1.3.7=py27_1003
  - nspr=4.25=he1b5a44_0
  - nss=3.47=he751ad9_0
  - numexpr=2.7.1=py27hb3f55d8_0
  - numpy=1.15.4=py27h8b7e671_1002
#  - openjdk=8.0.192=h516909a_1004
  - openjdk=8.0.152=h7b6447c_3
  - openssl=1.1.1d=h516909a_0
  - optitype=1.3.2=py27_3
  - pandas=0.24.2=py27hb3f55d8_0
  - pcre=8.43=he1b5a44_0
  - perl=5.26.2=h516909a_1006
  - pip=20.0.2=py_2
  - ply=3.11=py_1
  - pthread-stubs=0.4=h14c3975_1001
  - pyomo=4.1.10527=py27_1
  - pyparsing=2.4.6=py_0
  - pyqt=5.12.3=py27hcca6a23_1
  - pysam=0.11.2.2=py27_1
  - pytables=3.5.2=py27h71ec239_1
  - python=2.7.15=h5a48372_1009
  - python-dateutil=2.8.1=py_0
  - pytz=2019.3=py_0
  - pyutilib=5.1.3556=py27_0
  - qt=5.12.5=hd8c4c69_1
  - razers3=3.5.0=1
  - readline=8.0=hf8c457e_0
  - samtools=1.9=h10a08f8_12
  - setuptools=44.0.0=py27_0
  - singledispatch=3.4.0.3=py27_1000
  - six=1.14.0=py27_0
  - sqlite=3.30.1=hcee41ef_0
  - subprocess32=3.5.4=py27h516909a_0
  - tk=8.6.10=hed695b0_0
  - tornado=5.1.1=py27h14c3975_1000
  - wheel=0.34.2=py_1
  - xorg-libxau=1.0.9=h14c3975_0
  - xorg-libxdmcp=1.1.3=h516909a_0
  - xz=5.2.4=h14c3975_1001
  - zlib=1.2.11=h516909a_1006
  - pip:
    - pyqt5-sip==4.19.18
    - pyqtwebengine==5.12.1
prefix: /projects/varnf/SofWar/anaconda3/envs/optitype

